[[[3.03656569e+02 2.88000000e+02 6.89300412e-06]]

 [[3.03656569e+02 2.88000000e+02 6.89300412e-06]]

 [[3.03656569e+02 2.88000000e+02 6.89300412e-06]]

 [[3.03656569e+02 2.88000000e+02 6.89300412e-06]]

 [[3.03656569e+02 2.88000000e+02 6.89300412e-06]]

 [[3.03656569e+02 2.88000000e+02 6.89300412e-06]]

 [[3.03656569e+02 2.88000000e+02 6.89300412e-06]]

 [[3.03656569e+02 2.88000000e+02 6.89300412e-06]]

 [[3.03656569e+02 2.88000000e+02 6.89300412e-06]]

 [[3.03656569e+02 2.88000000e+02 6.89300412e-06]]

 [[3.03656569e+02 2.88000000e+02 6.89300412e-06]]

 [[3.03656569e+02 2.88000000e+02 6.89300412e-06]]

 [[3.03656569e+02 2.88000000e+02 6.89300412e-06]]

 [[3.03656569e+02 2.88000000e+02 6.89300412e-06]]

 [[3.03656569e+02 2.88000000e+02 6.89300412e-06]]

 [[3.03656569e+02 2.88000000e+02 6.89300412e-06]]

 [[3.03656569e+02 2.88000000e+02 6.89300412e-06]]

 [[3.03656569e+02 2.88000000e+02 6.89300412e-06]]

 [[3.03656569e+02 2.88000000e+02 6.89300412e-06]]

 [[3.03656569e+02 2.88000000e+02 6.89300412e-06]]

 [[3.03656569e+02 2.88000000e+02 6.89300412e-06]]

 [[3.03656569e+02 2.88000000e+02 6.89300412e-06]]

 [[3.03656569e+02 2.88000000e+02 6.89300412e-06]]

 [[3.03656569e+02 2.88000000e+02 6.89300412e-06]]

 [[3.03656569e+02 2.87000000e+02 6.89300412e-06]]

 [[3.03656569e+02 2.87000000e+02 6.89300412e-06]]

 [[3.03656569e+02 2.87000000e+02 6.89300412e-06]]

 [[3.03656569e+02 2.87000000e+02 6.89300412e-06]]

 [[3.03656569e+02 2.87000000e+02 6.89300412e-06]]

 [[3.03656569e+02 2.86000000e+02 6.89300412e-06]]

 [[3.03656569e+02 2.86000000e+02 6.89300412e-06]]

 [[3.03656569e+02 2.86000000e+02 6.89300412e-06]]

 [[3.03656569e+02 2.86000000e+02 6.89300412e-06]]

 [[3.03656569e+02 2.85000000e+02 6.89300412e-06]]

 [[3.03656569e+02 2.85000000e+02 6.89300412e-06]]

 [[3.03656569e+02 2.85000000e+02 6.89300412e-06]]

 [[3.03656569e+02 2.85000000e+02 6.89300412e-06]]

 [[3.03656569e+02 2.85000000e+02 6.89300412e-06]]

 [[3.03656569e+02 2.84000000e+02 6.89300412e-06]]

 [[3.03656569e+02 2.84000000e+02 6.89300412e-06]]

 [[3.03656569e+02 2.84000000e+02 6.89300412e-06]]

 [[3.03656569e+02 2.84000000e+02 6.89300412e-06]]

 [[3.03656569e+02 2.84000000e+02 6.89300412e-06]]

 [[3.03656569e+02 2.84000000e+02 6.89300412e-06]]

 [[3.03656569e+02 2.83000000e+02 6.89300412e-06]]

 [[3.03656569e+02 2.83000000e+02 6.89300412e-06]]

 [[3.03656569e+02 2.83000000e+02 6.89300412e-06]]

 [[3.03656569e+02 2.83000000e+02 6.89300412e-06]]

 [[3.03656569e+02 2.83000000e+02 6.89300412e-06]]

 [[3.03656569e+02 2.83000000e+02 6.89300412e-06]]

 [[3.03656569e+02 2.82000000e+02 6.89300412e-06]]

 [[3.03656569e+02 2.82000000e+02 6.89300412e-06]]

 [[3.03656569e+02 2.82000000e+02 6.89300412e-06]]

 [[3.03656569e+02 2.82000000e+02 6.89300412e-06]]

 [[3.03656569e+02 2.82000000e+02 6.89300412e-06]]

 [[3.03656569e+02 2.81000000e+02 6.89300412e-06]]

 [[3.03656569e+02 2.81000000e+02 6.89300412e-06]]

 [[3.03656569e+02 2.81000000e+02 6.89300412e-06]]

 [[3.03656569e+02 2.81000000e+02 6.89300412e-06]]

 [[3.03656569e+02 2.80000000e+02 6.89300412e-06]]

 [[3.03656569e+02 2.80000000e+02 6.89300412e-06]]

 [[3.03656569e+02 2.80000000e+02 6.89300412e-06]]

 [[3.03656569e+02 2.80000000e+02 6.89300412e-06]]

 [[3.03656569e+02 2.80000000e+02 6.89300412e-06]]

 [[3.03656569e+02 2.79000000e+02 6.89300412e-06]]

 [[3.03656569e+02 2.79000000e+02 6.89300412e-06]]

 [[3.03656569e+02 2.79000000e+02 6.89300412e-06]]

 [[3.03656569e+02 2.79000000e+02 6.89300412e-06]]

 [[3.03656569e+02 2.79000000e+02 6.89300412e-06]]

 [[3.03656569e+02 2.79000000e+02 6.89300412e-06]]

 [[3.03656569e+02 2.78000000e+02 6.89300412e-06]]

 [[3.03656569e+02 2.78000000e+02 6.89300412e-06]]

 [[3.03656569e+02 2.78000000e+02 6.89300412e-06]]

 [[3.03656569e+02 2.78000000e+02 6.89300412e-06]]

 [[3.03656569e+02 2.78000000e+02 6.89300412e-06]]

 [[3.03656569e+02 2.78000000e+02 6.89300412e-06]]

 [[3.03656569e+02 2.78000000e+02 6.89300412e-06]]

 [[3.03656569e+02 2.77000000e+02 6.89300412e-06]]

 [[3.03656569e+02 2.77000000e+02 6.89300412e-06]]

 [[3.03656569e+02 2.77000000e+02 6.89300412e-06]]

 [[3.03656569e+02 2.77000000e+02 6.89300412e-06]]

 [[3.03656569e+02 2.77000000e+02 6.89300412e-06]]

 [[3.03656569e+02 2.77000000e+02 6.89300412e-06]]

 [[3.03656569e+02 2.77000000e+02 6.89300412e-06]]

 [[3.03656569e+02 2.77000000e+02 6.89300412e-06]]

 [[3.03656569e+02 2.77000000e+02 6.89300412e-06]]

 [[3.08188757e+02 2.76000000e+02 6.99588477e-06]]

 [[3.08188757e+02 2.75000000e+02 6.99588477e-06]]

 [[3.03656569e+02 2.76000000e+02 6.89300412e-06]]

 [[3.03656569e+02 2.76000000e+02 6.89300412e-06]]

 [[3.03656569e+02 2.76000000e+02 6.89300412e-06]]

 [[3.03656569e+02 2.76000000e+02 6.89300412e-06]]

 [[3.03656569e+02 2.76000000e+02 6.89300412e-06]]

 [[3.03656569e+02 2.76000000e+02 6.89300412e-06]]

 [[3.08188757e+02 2.75000000e+02 6.99588477e-06]]

 [[3.03656569e+02 2.76000000e+02 6.89300412e-06]]

 [[3.08188757e+02 2.75000000e+02 6.99588477e-06]]

 [[3.08188757e+02 2.75000000e+02 6.99588477e-06]]

 [[3.03656569e+02 2.76000000e+02 6.89300412e-06]]

 [[3.08188757e+02 2.75000000e+02 6.99588477e-06]]

 [[3.08188757e+02 2.74000000e+02 6.99588477e-06]]

 [[3.03656569e+02 2.75000000e+02 6.89300412e-06]]

 [[3.03656569e+02 2.75000000e+02 6.89300412e-06]]

 [[3.08188757e+02 2.74000000e+02 6.99588477e-06]]

 [[3.08188757e+02 2.74000000e+02 6.99588477e-06]]

 [[3.08188757e+02 2.74000000e+02 6.99588477e-06]]

 [[3.08188757e+02 2.74000000e+02 6.99588477e-06]]

 [[3.08188757e+02 2.74000000e+02 6.99588477e-06]]

 [[3.08188757e+02 2.74000000e+02 6.99588477e-06]]

 [[3.08188757e+02 2.74000000e+02 6.99588477e-06]]

 [[3.08188757e+02 2.74000000e+02 6.99588477e-06]]

 [[3.08188757e+02 2.74000000e+02 6.99588477e-06]]

 [[3.08188757e+02 2.74000000e+02 6.99588477e-06]]

 [[3.03656569e+02 2.75000000e+02 6.89300412e-06]]

 [[3.08188757e+02 2.74000000e+02 6.99588477e-06]]

 [[3.08188757e+02 2.74000000e+02 6.99588477e-06]]

 [[3.03656569e+02 2.75000000e+02 6.89300412e-06]]

 [[3.08188757e+02 2.73000000e+02 6.99588477e-06]]

 [[3.08188757e+02 2.73000000e+02 6.99588477e-06]]

 [[3.08188757e+02 2.73000000e+02 6.99588477e-06]]

 [[3.08188757e+02 2.73000000e+02 6.99588477e-06]]

 [[3.08188757e+02 2.73000000e+02 6.99588477e-06]]

 [[3.08188757e+02 2.73000000e+02 6.99588477e-06]]

 [[3.08188757e+02 2.73000000e+02 6.99588477e-06]]

 [[3.03656569e+02 2.74000000e+02 6.89300412e-06]]

 [[3.08188757e+02 2.73000000e+02 6.99588477e-06]]

 [[3.08188757e+02 2.73000000e+02 6.99588477e-06]]

 [[3.08188757e+02 2.73000000e+02 6.99588477e-06]]

 [[3.08188757e+02 2.73000000e+02 6.99588477e-06]]

 [[3.08188757e+02 2.73000000e+02 6.99588477e-06]]

 [[3.08188757e+02 2.73000000e+02 6.99588477e-06]]

 [[3.08188757e+02 2.73000000e+02 6.99588477e-06]]

 [[3.08188757e+02 2.73000000e+02 6.99588477e-06]]

 [[3.08188757e+02 2.73000000e+02 6.99588477e-06]]

 [[3.08188757e+02 2.72000000e+02 6.99588477e-06]]

 [[3.08188757e+02 2.72000000e+02 6.99588477e-06]]

 [[3.08188757e+02 2.72000000e+02 6.99588477e-06]]

 [[3.08188757e+02 2.72000000e+02 6.99588477e-06]]

 [[3.08188757e+02 2.72000000e+02 6.99588477e-06]]

 [[3.08188757e+02 2.72000000e+02 6.99588477e-06]]

 [[3.08188757e+02 2.72000000e+02 6.99588477e-06]]

 [[3.08188757e+02 2.72000000e+02 6.99588477e-06]]

 [[3.08188757e+02 2.72000000e+02 6.99588477e-06]]

 [[3.08188757e+02 2.72000000e+02 6.99588477e-06]]

 [[3.08188757e+02 2.71000000e+02 6.99588477e-06]]

 [[3.08188757e+02 2.71000000e+02 6.99588477e-06]]

 [[3.08188757e+02 2.71000000e+02 6.99588477e-06]]

 [[3.08188757e+02 2.70000000e+02 6.99588477e-06]]

 [[3.08188757e+02 2.70000000e+02 6.99588477e-06]]

 [[3.08188757e+02 2.70000000e+02 6.99588477e-06]]

 [[3.08188757e+02 2.69000000e+02 6.99588477e-06]]

 [[3.08188757e+02 2.69000000e+02 6.99588477e-06]]

 [[3.08188757e+02 2.69000000e+02 6.99588477e-06]]

 [[3.08188757e+02 2.68000000e+02 6.99588477e-06]]

 [[3.08188757e+02 2.68000000e+02 6.99588477e-06]]

 [[3.08188757e+02 2.68000000e+02 6.99588477e-06]]

 [[3.08188757e+02 2.67000000e+02 6.99588477e-06]]

 [[3.08188757e+02 2.67000000e+02 6.99588477e-06]]

 [[3.08188757e+02 2.67000000e+02 6.99588477e-06]]

 [[3.08188757e+02 2.67000000e+02 6.99588477e-06]]

 [[3.08188757e+02 2.66000000e+02 6.99588477e-06]]

 [[3.08188757e+02 2.66000000e+02 6.99588477e-06]]

 [[3.08188757e+02 2.66000000e+02 6.99588477e-06]]

 [[3.08188757e+02 2.66000000e+02 6.99588477e-06]]

 [[3.08188757e+02 2.65000000e+02 6.99588477e-06]]

 [[3.08188757e+02 2.65000000e+02 6.99588477e-06]]

 [[3.08188757e+02 2.65000000e+02 6.99588477e-06]]

 [[3.08188757e+02 2.65000000e+02 6.99588477e-06]]

 [[3.08188757e+02 2.64000000e+02 6.99588477e-06]]

 [[3.08188757e+02 2.64000000e+02 6.99588477e-06]]

 [[3.08188757e+02 2.64000000e+02 6.99588477e-06]]

 [[3.08188757e+02 2.64000000e+02 6.99588477e-06]]

 [[3.08188757e+02 2.64000000e+02 6.99588477e-06]]

 [[3.08188757e+02 2.63000000e+02 6.99588477e-06]]

 [[3.08188757e+02 2.63000000e+02 6.99588477e-06]]

 [[3.08188757e+02 2.63000000e+02 6.99588477e-06]]

 [[3.08188757e+02 2.63000000e+02 6.99588477e-06]]

 [[3.08188757e+02 2.63000000e+02 6.99588477e-06]]

 [[3.08188757e+02 2.63000000e+02 6.99588477e-06]]

 [[3.08188757e+02 2.63000000e+02 6.99588477e-06]]

 [[3.08188757e+02 2.62000000e+02 6.99588477e-06]]

 [[3.08188757e+02 2.62000000e+02 6.99588477e-06]]

 [[3.08188757e+02 2.62000000e+02 6.99588477e-06]]

 [[3.08188757e+02 2.62000000e+02 6.99588477e-06]]

 [[3.08188757e+02 2.62000000e+02 6.99588477e-06]]

 [[3.08188757e+02 2.62000000e+02 6.99588477e-06]]

 [[3.08188757e+02 2.62000000e+02 6.99588477e-06]]

 [[3.08188757e+02 2.61000000e+02 6.99588477e-06]]

 [[3.08188757e+02 2.61000000e+02 6.99588477e-06]]

 [[3.08188757e+02 2.61000000e+02 6.99588477e-06]]

 [[3.08188757e+02 2.61000000e+02 6.99588477e-06]]

 [[3.08188757e+02 2.61000000e+02 6.99588477e-06]]

 [[3.08188757e+02 2.61000000e+02 6.99588477e-06]]

 [[3.08188757e+02 2.61000000e+02 6.99588477e-06]]

 [[3.08188757e+02 2.60000000e+02 6.99588477e-06]]

 [[3.08188757e+02 2.60000000e+02 6.99588477e-06]]

 [[3.08188757e+02 2.60000000e+02 6.99588477e-06]]

 [[3.08188757e+02 2.60000000e+02 6.99588477e-06]]

 [[3.08188757e+02 2.60000000e+02 6.99588477e-06]]

 [[3.08188757e+02 2.60000000e+02 6.99588477e-06]]]
